91056346
60898353
61374289
88415220
15746369
31136713
23862740
74243536
6165736
58489461
53992933
99684109
76358290
70324430
66932314
29459519
85224348
92244018
98080056
2353334
65484051
92516150
44858937
74848136
9151790
92875230
39450075
2528067
22202828
27149663
27071759
98401527
72754523
29840386
91091903
23866108
13360658
47439808
70055440
27720581
9045920
33711857
51917324
78579686
64995697
28545338
6879532
88414863
29055481
81211745
23571189
52330711
30318452
8671337
65548140
64585934
81315906
95674158
68436494
31235678
49704720
97293438
57790938
71831943
95776148
39516205
39540383
69060383
66304490
57322029
25566739
38571898
51621222
96815411
11508464
16670507
23601736
55504327
742198
86949133
2555102
4255895
23657413
96976987
31364790
52649158
45598438
49981738
52639466
37964390
58419113
69179019
48577729
58910375
17188021
59379708
17150536
85014609
85750228
65964585
83635760
66679983
82228157
67294045
48240452
59437768
33806027
63769372
66583812
69377428
55831804
80746528
66755732
83559713
62222349
75715253
71678003
95080009
38175054
9875679
23161341
13883121
82094667
89410687
43675268
1314664
9504868
58967200
71483892
20660345
85060351
23759639
91310220
3732200
72098052
32378779
36889033
91595028
58684165
36767993
37471892
28432358
37354451
67999602
19208198
91802527
18460944
46405597
25694387
2064683
62190588
68261788
47193227
55726602
96136467
90593252
33664409
30153219
16154690
43887559
79473805
32036771
31902980
24741375
85959690
74591183
36972671
3620546
51486177
1852538
88969912
85234596
68518414
90623146
58072790
66150303
2746551
6229712
60610331
5147057
47883714
38356096
15832082
20067476
70970648
25599186
8452551
66411772
38340341
67568030
96156758
9544162
50551000
8375011
86553030
38167943
60056473
877421
82405847
39691877
30341547
32591684
9397134
71533354
9760278
32275387
65408297
73527771
11566828
78880216
23528792
53691259
20262600
43650994
93027318
17424143
38578474
4015400
24561930
34453573
71119053
35063704
97676791
45747966
67958088
82018899
80896886
89854660
59461254
55497972
51571228
53763406
61527938
65229952
81909906
95510726
32060256
14928075
32053319
68320521
56223855
65744832
31993499
12302111
46791750
28099196
9328401
86651906
97995087
92114255
59599520
76648368
44848409
12842516
88090632
8726557
29790013
30317074
99890916
11213928
76416108
70918127
65625863
95522767
77204067
30751692
47964021
34880306
13910683
73131229
97343202
86977917
31850744
4388911
13112623
69179879
46446280
1399808
75571365
20009581
86223129
93174444
51163110
31428101
9226382
19957923
73510718
31055967
67071432
57356620
26033838
86018259
11191263
44038922
85905167
84670550
17763702
38334948
15846357
56054903
75031635
84103829
75797774
55900393
85906169
38545000
34892803
20848849
66611930
50774913
88864328
26137042
41119739
60292576
68594025
94139316
57133666
33132446
17769516
2086226
64517936
80760200
46124734
5314322
73219173
41447054
94318130
90360730
79507015
84665767
51147571
13066861
92742822
53013481
18778511
84471486
16604360
3119882
43407743
88912718
80541693
92408636
65797434
26246878
58404659
59005882
40797210
12489599
59477180
29289801
18002841
99883310
97438120
79481168
71527529
97541659
24438372
28966416
37919386
69422539
8449026
93636018
97940991
48527251
40274913
23543219
53610664
7014786
87188245
8482602
3463958
49251491
54502648
57946480
65396527
67867785
377044
89151165
25430008
77234267
35421448
82586374
20966344
12899603
76652931
79484871
8902645
26566181
95140002
31393265
27559764
92645182
1925777
32205275
96247449
1390170
42118635
88467793
22571622
13775545
82304220
95626564
89695275
87769872
169284
74473265
29549110
73221059
53019126
75964385
79577307
43861650
11221149
48396590
7701610
34168094
17195657
62930888
39572563
68801717
59361587
65206537
25640232
84322571
30872741
53699095
45756204
38826385
16574029
12083779
43617788
63817677
29030527
36379743
18630732
13316240
78500348
58354583
11699723
13103777
9960126
98584871
72421549
49451372
41008399
30771593
68502217
29562242
78804989
19712343
12850279
30872873
36414875
92445989
12019671
33657145
48806250
38771401
20767946
42070996
70674053
87915983
31889487
36385855
83990559
99765542
36884203
84735747
50620418
6870938
98351634
56754189
21930816
30753183
83934884
35742296
76402374
89898468
67479356
91466368
90966023
98193608
32652515
94733103
81947287
98994877
85206664
89323376
31049559
24928973
25960181
98834966
89294985
48190911
20885033
61135714
59327610
44626745
28011634
54802645
75161893
65246231
78700151
11809617
86812622
96125546
22644242
93668894
61589012
18734713
2337053
50059249
19034798
54423861
29955107
34383074
40075969
25329742
54211647
84165972
93859755
58995625
48232661
32023218
90084130
8128825
51471456
36078714
81132250
43658717
15329126
10380639
49679606
2342113
21419983
24958094
23911411
78522809
9815916
3175767
55846931
74905244
10408955
55851756
19007271
4607438
74173636
83220219
98172575
43104140
86961019
11299266
18089551
20724888
30472445
28856624
91595556
47635735
97744919
55225808
70380719
98426020
74933701
91894429
94478701
51228451
28723783
93957480
3564185
25757918
39287199
64944815
56849094
42867456
28477941
58652257
54683182
4806463
29619991
90317279
77632043
8916194
92173557
93734751
89726643
16831591
5351929
63828217
47118558
32658452
85053150
74020097
6698873
88277104
70768192
67179020
54007150
83039207
10599169
33876676
7820195
38218245
79619973
8732578
29003233
18186043
5327812
70884111
36002386
17972725
37362144
90477786
10792311
23164536
8226250
57704003
47660182
12342804
79016861
55349237
23524003
26658850
48950160
55164767
83935146
78578267
58372741
94725113
4534617
974172
8131680
2123621
96528309
71798279
62520969
8449109
99860229
46637918
85271276
60367201
47135640
82117454
58423959
23259696
42008983
72688114
95774470
42862157
68426787
78108712
85414076
92631734
59058877
22888318
52738149
84772046
80244958
21451629
89233252
36643799
5191576
17934813
5100848
45942478
93470044
23513558
8302557
10438648
44510877
97574308
93230405
83555103
1027094
99327872
4413060
56132731
89857993
25559797
28455055
95590148
48154504
87974434
81064300
3974488
96620378
31965949
73912924
28954940
99178989
50639436
99426089
31975770
69111924
92376341
77107184
52325511
7094545
57170413
51175310
91190395
87182243
85745572
27790411
22373272
22295348
79048992
71379682
63654890
80297254
57474956
13554713
83331174
73665102
17224479
18890063
80905218
30948957
97757427
79381244
50486804
88428196
22296253
24940506
8484581
59049155
74995558
95456649
44363600
29369257
94522873
26070449
88920079
94629855
61067472
70563153
32985337
79087788
31515216
4787369
97480669
32734069
97006292
39598848
96023989
61981859
78555739
74519691
93408699
55045616
98475138
3436255
82227904
54619310
90431431
17910221
92001276
49338765
33539516
27368761
5354587
12607721
8937300
5964943
46958439
87966955
57511636
62319777
94780803
40134888
35494325
88826348
93323167
52737617
95754077
12881477
80871308
90369510
81703248
82453118
19888327
70462342
397314
91519165
81876944
1655412
25049901
97506588
38799135
76520518
93997761
8608259
31273688
39079943
6584477
698101
1230601
25570762
34912621
82641321
49127644
63650980
80347011
77320782
76861936
67575839
40529967
18499725
85671603
25206038
66276610
40362712
82669585
72250945
76932843
19770181
76490631
46584546
20222891
90330389
83066800
29002172
27960385
63644354
57760763
84425883
35575671
30940707
56177352
56472091
81544227
32898740
93048756
68526283
59088149
34157752
99507979
61200616
65783244
28717335
39399799
38143223
29117340
25514499
31082239
64270692
59009059
7460851
41263922
14592596
13943289
67815775
20285121
97081909
29000536
91952956
61784904
496927
44016993
59721551
79250275
52742062
8814499
48632788
17173636
14597108
55620378
58214554
71411147
86701428
69279810
63258357
70221791
50014739
27752449
235131
37779083
30323469
8707721
23769045
60463024
23670356
90181232
83545809
8705038
89841046
83284501
37868304
85680912
75200546
13789952
30342764
75141114
93936205
50847879
81380485
39027627
86171224
68745307
13798939
96296741
21116776
6133447
50877469
91398840
28217577
50591871
83895475
51600180
62082156
88085807
66304302
31940912
47018122
82065674
6109540
28605292
32637767
1343314
74046084
629204
52457731
98192620
62907780
50898332
92379668
1925906
16795963
64347105
72989944
3576965
73580539
67235983
85768061
78796223
31659081
81161166
82588673
98729858
74088692
68339845
78499398
9824966
99991683
69568831
51840257
54903574
90166830
67187105
15206073
62740264
66106444
42087097
55996416
79915308
15934709
8776804
62838090
23502332
66141041
70571426
45699199
65687361
72085339
1682580
13630995
98835744
7771561
12350921
30226439
68339204
70471562
63672068
1147306
3439005
67387698
52974909
70180526
9003577
89699545
16635685
2146297
51095724
43557330
87714662
93686104
28957107
57070707
92631572
80110826
17089073
13514893
59466341
52221338
36876389
16796832
85228406
60490770
99045147
58012392
45375096
